[LEFT_CAM_2K]
fx=1553.31
fy=1552.54
cx=1090.34
cy=639.615
k1=-0.0295723
k2=0.0126193
k3=-0.00475822
k4=0.00704409

[RIGHT_CAM_2K]
fx=1539.52
fy=1539.28
cx=1093.17
cy=633.85
k1=-0.0259277
k2=-0.0100167
k3=0.0377715
k4=-0.0205287

[LEFT_CAM_FHD]
fx=1553.31
fy=1552.54
cx=946.34
cy=558.615
k1=-0.0295723
k2=0.0126193
k3=-0.00475822
k4=0.00704409

[RIGHT_CAM_FHD]
fx=1539.52
fy=1539.28
cx=949.17
cy=552.85
k1=-0.0259277
k2=-0.0100167
k3=0.0377715
k4=-0.0205287

[LEFT_CAM_HD]
fx=776.655
fy=776.27
cx=631.67
cy=367.8075
k1=-0.0295723
k2=0.0126193
k3=-0.00475822
k4=0.00704409

[RIGHT_CAM_HD]
fx=769.76
fy=769.64
cx=633.085
cy=364.925
k1=-0.0259277
k2=-0.0100167
k3=0.0377715
k4=-0.0205287

[LEFT_CAM_VGA]
fx=388.3275
fy=388.135
cx=331.335
cy=191.40375
k1=-0.0295723
k2=0.0126193
k3=-0.00475822
k4=0.00704409

[RIGHT_CAM_VGA]
fx=384.88
fy=384.82
cx=332.0425
cy=189.9625
k1=-0.0259277
k2=-0.0100167
k3=0.0377715
k4=-0.0205287

[STEREO]
Baseline=63.1031
TY=-0.0302044
TZ=-1.2262
CV_2K=0.00456219
CV_FHD=0.00456219
CV_HD=0.00456219
CV_VGA=0.00456219
RX_2K=0.00257847
RX_FHD=0.00257847
RX_HD=0.00257847
RX_VGA=0.00257847
RZ_2K=-0.000530702
RZ_FHD=-0.000530702
RZ_HD=-0.000530702
RZ_VGA=-0.000530702

[MISC]
Sensor_ID=0
