[LEFT_CAM_2K]
fx=1065.83
fy=1065.6
cx=1116.44
cy=604.8
k1=-0.0601914
k2=0.0356869
p1=-0.000195823
p2=-0.000284594
k3=-0.0139781

[RIGHT_CAM_2K]
fx=1067.7
fy=1067.41
cx=1110.1
cy=613.705
k1=-0.0667236
k2=0.050158
p1=-0.000185998
p2=-0.000173467
k3=-0.0212822

[LEFT_CAM_FHD]
fx=1065.83
fy=1065.6
cx=972.44
cy=523.8
k1=-0.0601914
k2=0.0356869
p1=-0.000195823
p2=-0.000284594
k3=-0.0139781

[RIGHT_CAM_FHD]
fx=1067.7
fy=1067.41
cx=966.1
cy=532.705
k1=-0.0667236
k2=0.050158
p1=-0.000185998
p2=-0.000173467
k3=-0.0212822

[LEFT_CAM_HD]
fx=532.915
fy=532.8
cx=644.72
cy=350.4
k1=-0.0601914
k2=0.0356869
p1=-0.000195823
p2=-0.000284594
k3=-0.0139781

[RIGHT_CAM_HD]
fx=533.85
fy=533.705
cx=641.55
cy=354.8525
k1=-0.0667236
k2=0.050158
p1=-0.000185998
p2=-0.000173467
k3=-0.0212822

[LEFT_CAM_VGA]
fx=266.4575
fy=266.4
cx=337.86
cy=182.7
k1=-0.0601914
k2=0.0356869
p1=-0.000195823
p2=-0.000284594
k3=-0.0139781

[RIGHT_CAM_VGA]
fx=266.925
fy=266.8525
cx=336.275
cy=184.92625
k1=-0.0667236
k2=0.050158
p1=-0.000185998
p2=-0.000173467
k3=-0.0212822

[LEFT_DISTO]
k1=-1.3439
k2=2.32696
k3=0.151099
k4=-1.25559
k5=2.17727
k6=0.306612
p1=-0.000314299
p2=-0.000219745

[RIGHT_DISTO]
k1=-1.4912
k2=2.65968
k3=0.10822
k4=-1.40593
k5=2.51055
k6=0.269555
p1=-0.000242549
p2=-7.21642e-05

[STEREO]
Baseline=119.926
TY=-0.145853
TZ=0.312074
CV_2K=0.00382149
CV_FHD=0.00382149
CV_HD=0.00382149
CV_VGA=0.00382149
RX_2K=0.00382134
RX_FHD=0.00382134
RX_HD=0.00382134
RX_VGA=0.00382134
RZ_2K=0.0013468
RZ_FHD=0.0013468
RZ_HD=0.0013468
RZ_VGA=0.0013468

[MISC]
Sensor_ID=0
