[LEFT_CAM_FHD1200]
fx=735.087
fy=734.598
cx=973.952
cy=614.25
k1=-0.0134938
k2=-0.0302609
p1=0.000460725
p2=5.93614e-05
k3=0.00789645

[RIGHT_CAM_FHD1200]
fx=733.568
fy=732.988
cx=961.127
cy=621.634
k1=-0.020439
k2=-0.0236751
p1=0.000347111
p2=-0.000291028
k3=0.00593963

[LEFT_CAM_FHD]
fx=735.087
fy=734.598
cx=973.952
cy=554.25
k1=-0.0134938
k2=-0.0302609
p1=0.000460725
p2=5.93614e-05
k3=0.00789645

[RIGHT_CAM_FHD]
fx=733.568
fy=732.988
cx=961.127
cy=561.634
k1=-0.020439
k2=-0.0236751
p1=0.000347111
p2=-0.000291028
k3=0.00593963

[LEFT_CAM_SVGA]
fx=367.5435
fy=367.299
cx=486.976
cy=307.125
k1=-0.0134938
k2=-0.0302609
p1=0.000460725
p2=5.93614e-05
k3=0.00789645

[RIGHT_CAM_SVGA]
fx=366.784
fy=366.494
cx=480.5635
cy=310.817
k1=-0.020439
k2=-0.0236751
p1=0.000347111
p2=-0.000291028
k3=0.00593963

[LEFT_DISTO]
k1=0.404105
k2=-0.135168
k3=-0.0765934
k4=0.392663
k5=-0.0500214
k6=-0.109046
p1=0.000392755
p2=1.77673e-05

[RIGHT_DISTO]
k1=0.380004
k2=0.119953
k3=-0.0476461
k4=0.374178
k5=0.192351
k6=-0.0611954
p1=0.000247234
p2=-0.000120714

[STEREO]
Baseline=120.289
TY=0.219197
TZ=-0.845672
CV_FHD=-0.0101059
CV_SVGA=-0.0101059
CV_FHD1200=-0.0101059
RX_FHD=3.43188e-05
RX_SVGA=3.43188e-05
RX_FHD1200=3.43188e-05
RZ_FHD=-0.000752295
RZ_SVGA=-0.000752295
RZ_FHD1200=-0.000752295

[MISC]
Sensor_ID=1
