[LEFT_CAM_FHD1200]
fx=737.788
fy=737.577
cx=963.12
cy=573.683
k1=-0.0136971
k2=-0.029555
p1=0.000395626
p2=-0.000168176
k3=0.00765158

[RIGHT_CAM_FHD1200]
fx=738.391
fy=738.01
cx=988.965
cy=591.505
k1=-0.0180294
k2=-0.0255641
p1=0.000524321
p2=-0.000380146
k3=0.00648497

[LEFT_CAM_FHD]
fx=737.788
fy=737.577
cx=963.12
cy=513.683
k1=-0.0136971
k2=-0.029555
p1=0.000395626
p2=-0.000168176
k3=0.00765158

[RIGHT_CAM_FHD]
fx=738.391
fy=738.01
cx=988.965
cy=531.505
k1=-0.0180294
k2=-0.0255641
p1=0.000524321
p2=-0.000380146
k3=0.00648497

[LEFT_CAM_SVGA]
fx=368.894
fy=368.7885
cx=481.56
cy=286.8415
k1=-0.0136971
k2=-0.029555
p1=0.000395626
p2=-0.000168176
k3=0.00765158

[RIGHT_CAM_SVGA]
fx=369.1955
fy=369.005
cx=494.4825
cy=295.7525
k1=-0.0180294
k2=-0.0255641
p1=0.000524321
p2=-0.000380146
k3=0.00648497

[LEFT_DISTO]
k1=0.859693
k2=0.993883
k3=0.0545675
k4=0.855115
k5=1.04538
k6=0.108941
p1=0.000350556
p2=-0.000218217

[RIGHT_DISTO]
k1=0.436905
k2=0.259241
k3=-0.0358707
k4=0.429942
k5=0.329154
k6=-0.0396716
p1=0.000482231
p2=-0.000235361

[STEREO]
Baseline=120.004
TY=0.191706
TZ=-0.434373
CV_FHD=-0.0053522
CV_SVGA=-0.0053522
CV_FHD1200=-0.0053522
RX_FHD=7.76951e-05
RX_SVGA=7.76951e-05
RX_FHD1200=7.76951e-05
RZ_FHD=4.69578e-05
RZ_SVGA=4.69578e-05
RZ_FHD1200=4.69578e-05

[MISC]
Sensor_ID=1
